-1.9 2087.75
-1.89761 2063.85
-1.89522 2040.79
-1.89283 2018.52
-1.89043 1996.98
-1.88804 1976.14
-1.88565 1955.97
-1.88326 1936.43
-1.88087 1917.49
-1.87848 1899.11
-1.87609 1881.28
-1.87369 1863.96
-1.8713 1847.13
-1.86891 1830.77
-1.86652 1814.85
-1.86413 1799.37
-1.86174 1784.29
-1.85935 1769.61
-1.85695 1755.29
-1.85456 1741.34
-1.85217 1727.74
-1.84978 1714.46
-1.84739 1701.5
-1.845 1688.85
-1.84261 1676.5
-1.84021 1664.42
-1.83782 1652.62
-1.83543 1641.08
-1.83304 1629.79
-1.83065 1618.75
-1.82826 1607.94
-1.82587 1597.36
-1.82347 1587
-1.82108 1576.85
-1.81869 1566.91
-1.8163 1557.16
-1.81391 1547.61
-1.81152 1538.24
-1.80913 1529.06
-1.80673 1520.04
-1.80434 1511.2
-1.80195 1502.52
-1.79956 1494
-1.79717 1485.63
-1.79478 1477.42
-1.79239 1469.35
-1.78999 1461.42
-1.7876 1453.63
-1.78521 1445.97
-1.78282 1438.44
-1.78043 1431.04
-1.77804 1423.76
-1.77565 1416.6
-1.77325 1409.55
-1.77086 1402.62
-1.76847 1395.8
-1.76608 1389.09
-1.76369 1382.48
-1.7613 1375.98
-1.7589 1369.57
-1.75651 1363.26
-1.75412 1357.05
-1.75173 1350.93
-1.74934 1344.9
-1.74695 1338.96
-1.74456 1333.1
-1.74216 1327.33
-1.73977 1321.64
-1.73738 1316.02
-1.73499 1310.49
-1.7326 1305.04
-1.73021 1299.66
-1.72782 1294.35
-1.72542 1289.11
-1.72303 1283.95
-1.72064 1278.85
-1.71825 1273.82
-1.71586 1268.86
-1.71347 1263.96
-1.71108 1259.12
-1.70868 1254.35
-1.70629 1249.64
-1.7039 1244.98
-1.70151 1240.38
-1.69912 1235.84
-1.69673 1231.36
-1.69434 1226.93
-1.69194 1222.55
-1.68955 1218.23
-1.68716 1213.96
-1.68477 1209.74
-1.68238 1205.57
-1.67999 1201.44
-1.6776 1197.37
-1.6752 1193.34
-1.67281 1189.36
-1.67042 1185.42
-1.66803 1181.53
-1.66564 1177.68
-1.66325 1173.87
-1.66086 1170.11
-1.65846 1166.39
-1.65607 1162.7
-1.65368 1159.06
-1.65129 1155.46
-1.6489 1151.9
-1.64651 1148.37
-1.64412 1144.88
-1.64172 1141.43
-1.63933 1138.01
-1.63694 1134.63
-1.63455 1131.28
-1.63216 1127.97
-1.62977 1124.69
-1.62738 1121.45
-1.62498 1118.23
-1.62259 1115.05
-1.6202 1111.9
-1.61781 1108.79
-1.61542 1105.7
-1.61303 1102.64
-1.61064 1099.61
-1.60824 1096.62
-1.60585 1093.65
-1.60346 1090.71
-1.60107 1087.79
-1.59868 1084.91
-1.59629 1082.05
-1.5939 1079.22
-1.5915 1076.41
-1.58911 1073.63
-1.58672 1070.88
-1.58433 1068.15
-1.58194 1065.44
-1.57955 1062.77
-1.57716 1060.11
-1.57476 1057.48
-1.57237 1054.87
-1.56998 1052.28
-1.56759 1049.72
-1.5652 1047.18
-1.56281 1044.67
-1.56042 1042.17
-1.55802 1039.7
-1.55563 1037.24
-1.55324 1034.81
-1.55085 1032.4
-1.54846 1030.01
-1.54607 1027.64
-1.54368 1025.29
-1.54128 1022.96
-1.53889 1020.65
-1.5365 1018.35
-1.53411 1016.08
-1.53172 1013.83
-1.52933 1011.59
-1.52694 1009.37
-1.52454 1007.17
-1.52215 1004.99
-1.51976 1002.82
-1.51737 1000.68
-1.51498 998.546
-1.51259 996.432
-1.5102 994.335
-1.5078 992.255
-1.50541 990.191
-1.50302 988.143
-1.50063 986.11
-1.49824 984.094
-1.49585 982.093
-1.49346 980.107
-1.49106 978.136
-1.48867 976.181
-1.48628 974.24
-1.48389 972.314
-1.4815 970.402
-1.47911 968.505
-1.47671 966.621
-1.47432 964.752
-1.47193 962.896
-1.46954 961.054
-1.46715 959.226
-1.46476 957.411
-1.46237 955.609
-1.45997 953.82
-1.45758 952.045
-1.45519 950.281
-1.4528 948.531
-1.45041 946.793
-1.44802 945.067
-1.44563 943.354
-1.44323 941.653
-1.44084 939.963
-1.43845 938.286
-1.43606 936.62
-1.43367 934.966
-1.43128 933.323
-1.42889 931.692
-1.42649 930.071
-1.4241 928.462
-1.42171 926.864
-1.41932 925.277
-1.41693 923.701
-1.41454 922.135
-1.41215 920.58
-1.40975 919.035
-1.40736 917.501
-1.40497 915.977
-1.40258 914.463
-1.40019 912.959
-1.3978 911.465
-1.39541 909.981
-1.39301 908.507
-1.39062 907.042
-1.38823 905.587
-1.38584 904.141
-1.38345 902.705
-1.38106 901.278
-1.37867 899.86
-1.37627 898.451
-1.37388 897.051
-1.37149 895.661
-1.3691 894.279
-1.36671 892.906
-1.36432 891.541
-1.36193 890.185
-1.35953 888.838
-1.35714 887.499
-1.35475 886.169
-1.35236 884.846
-1.34997 883.532
-1.34758 882.227
-1.34519 880.929
-1.34279 879.639
-1.3404 878.357
-1.33801 877.083
-1.33562 875.817
-1.33323 874.559
-1.33084 873.308
-1.32845 872.065
-1.32605 870.829
-1.32366 869.601
-1.32127 868.38
-1.31888 867.166
-1.31649 865.96
-1.3141 864.761
-1.31171 863.569
-1.30931 862.384
-1.30692 861.206
-1.30453 860.035
-1.30214 858.871
-1.29975 857.714
-1.29736 856.564
-1.29497 855.42
-1.29257 854.283
-1.29018 853.153
-1.28779 852.029
-1.2854 850.911
-1.28301 849.801
-1.28062 848.696
-1.27823 847.598
-1.27583 846.506
-1.27344 845.42
-1.27105 844.341
-1.26866 843.268
-1.26627 842.2
-1.26388 841.139
-1.26149 840.084
-1.25909 839.035
-1.2567 837.992
-1.25431 836.954
-1.25192 835.922
-1.24953 834.897
-1.24714 833.876
-1.24475 832.862
-1.24235 831.853
-1.23996 830.85
-1.23757 829.852
-1.23518 828.86
-1.23279 827.873
-1.2304 826.892
-1.22801 825.916
-1.22561 824.945
-1.22322 823.98
-1.22083 823.02
-1.21844 822.065
-1.21605 821.115
-1.21366 820.171
-1.21126 819.231
-1.20887 818.297
-1.20648 817.367
-1.20409 816.443
-1.2017 815.524
-1.19931 814.609
-1.19692 813.699
-1.19452 812.795
-1.19213 811.895
-1.18974 811
-1.18735 810.109
-1.18496 809.223
-1.18257 808.342
-1.18018 807.466
-1.17778 806.594
-1.17539 805.727
-1.173 804.864
-1.17061 804.006
-1.16822 803.152
-1.16583 802.303
-1.16344 801.458
-1.16104 800.618
-1.15865 799.782
-1.15626 798.95
-1.15387 798.123
-1.15148 797.3
-1.14909 796.481
-1.1467 795.666
-1.1443 794.855
-1.14191 794.049
-1.13952 793.247
-1.13713 792.449
-1.13474 791.655
-1.13235 790.865
-1.12996 790.079
-1.12756 789.297
-1.12517 788.519
-1.12278 787.745
-1.12039 786.974
-1.118 786.208
-1.11561 785.446
-1.11322 784.687
-1.11082 783.932
-1.10843 783.181
-1.10604 782.434
-1.10365 781.691
-1.10126 780.951
-1.09887 780.215
-1.09648 779.482
-1.09408 778.754
-1.09169 778.029
-1.0893 777.307
-1.08691 776.589
-1.08452 775.875
-1.08213 775.164
-1.07974 774.457
-1.07734 773.753
-1.07495 773.052
-1.07256 772.355
-1.07017 771.662
-1.06778 770.972
-1.06539 770.285
-1.063 769.602
-1.0606 768.922
-1.05821 768.245
-1.05582 767.572
-1.05343 766.902
-1.05104 766.235
-1.04865 765.571
-1.04626 764.911
-1.04386 764.254
-1.04147 763.6
-1.03908 762.949
-1.03669 762.301
-1.0343 761.657
-1.03191 761.016
-1.02952 760.377
-1.02712 759.742
-1.02473 759.11
-1.02234 758.481
-1.01995 757.855
-1.01756 757.232
-1.01517 756.612
-1.01278 755.995
-1.01038 755.38
-1.00799 754.769
-1.0056 754.161
-1.00321 753.556
-1.00082 752.953
-0.998427 752.354
-0.996035 751.757
-0.993644 751.163
-0.991252 750.572
-0.988861 749.984
-0.986469 749.398
-0.984078 748.815
-0.981687 748.236
-0.979295 747.658
-0.976904 747.084
-0.974512 746.512
-0.972121 745.943
-0.969729 745.377
-0.967338 744.813
-0.964947 744.252
-0.962555 743.694
-0.960164 743.138
-0.957772 742.585
-0.955381 742.035
-0.952989 741.487
-0.950598 740.942
-0.948206 740.399
-0.945815 739.859
-0.943424 739.321
-0.941032 738.786
-0.938641 738.254
-0.936249 737.724
-0.933858 737.196
-0.931466 736.671
-0.929075 736.148
-0.926683 735.628
-0.924292 735.11
-0.921901 734.595
-0.919509 734.082
-0.917118 733.572
-0.914726 733.063
-0.912335 732.558
-0.909943 732.054
-0.907552 731.553
-0.90516 731.055
-0.902769 730.558
-0.900378 730.064
-0.897986 729.572
-0.895595 729.083
-0.893203 728.596
-0.890812 728.111
-0.88842 727.628
-0.886029 727.148
-0.883638 726.67
-0.881246 726.194
-0.878855 725.72
-0.876463 725.249
-0.874072 724.78
-0.87168 724.312
-0.869289 723.848
-0.866897 723.385
-0.864506 722.924
-0.862115 722.466
-0.859723 722.01
-0.857332 721.555
-0.85494 721.103
-0.852549 720.653
-0.850157 720.206
-0.847766 719.76
-0.845374 719.316
-0.842983 718.874
-0.840592 718.435
-0.8382 717.997
-0.835809 717.562
-0.833417 717.129
-0.831026 716.697
-0.828634 716.268
-0.826243 715.84
-0.823851 715.415
-0.82146 714.992
-0.819069 714.57
-0.816677 714.151
-0.814286 713.733
-0.811894 713.318
-0.809503 712.904
-0.807111 712.493
-0.80472 712.083
-0.802329 711.675
-0.799937 711.269
-0.797546 710.865
-0.795154 710.463
-0.792763 710.063
-0.790371 709.664
-0.78798 709.268
-0.785588 708.873
-0.783197 708.481
-0.780806 708.09
-0.778414 707.701
-0.776023 707.313
-0.773631 706.928
-0.77124 706.544
-0.768848 706.163
-0.766457 705.783
-0.764065 705.404
-0.761674 705.028
-0.759283 704.653
-0.756891 704.281
-0.7545 703.909
-0.752108 703.54
-0.749717 703.173
-0.747325 702.807
-0.744934 702.443
-0.742542 702.08
-0.740151 701.72
-0.73776 701.361
-0.735368 701.003
-0.732977 700.648
-0.730585 700.294
-0.728194 699.942
-0.725802 699.591
-0.723411 699.243
-0.72102 698.896
-0.718628 698.55
-0.716237 698.206
-0.713845 697.864
-0.711454 697.524
-0.709062 697.185
-0.706671 696.848
-0.704279 696.512
-0.701888 696.178
-0.699497 695.846
-0.697105 695.515
-0.694714 695.186
-0.692322 694.858
-0.689931 694.532
-0.687539 694.208
-0.685148 693.885
-0.682756 693.564
-0.680365 693.244
-0.677974 692.926
-0.675582 692.609
-0.673191 692.294
-0.670799 691.981
-0.668408 691.669
-0.666016 691.359
-0.663625 691.05
-0.661233 690.742
-0.658842 690.437
-0.656451 690.132
-0.654059 689.83
-0.651668 689.528
-0.649276 689.228
-0.646885 688.93
-0.644493 688.633
-0.642102 688.338
-0.639711 688.044
-0.637319 687.752
-0.634928 687.461
-0.632536 687.171
-0.630145 686.883
-0.627753 686.597
-0.625362 686.312
-0.62297 686.028
-0.620579 685.746
-0.618188 685.465
-0.615796 685.185
-0.613405 684.907
-0.611013 684.631
-0.608622 684.356
-0.60623 684.082
-0.603839 683.81
-0.601447 683.539
-0.599056 683.269
-0.596665 683.001
-0.594273 682.734
-0.591882 682.469
-0.58949 682.205
-0.587099 681.942
-0.584707 681.681
-0.582316 681.421
-0.579924 681.163
-0.577533 680.906
-0.575142 680.65
-0.57275 680.395
-0.570359 680.142
-0.567967 679.89
-0.565576 679.64
-0.563184 679.391
-0.560793 679.143
-0.558402 678.896
-0.55601 678.651
-0.553619 678.408
-0.551227 678.165
-0.548836 677.924
-0.546444 677.684
-0.544053 677.445
-0.541661 677.208
-0.53927 676.972
-0.536879 676.737
-0.534487 676.504
-0.532096 676.272
-0.529704 676.041
-0.527313 675.811
-0.524921 675.583
-0.52253 675.356
-0.520138 675.13
-0.517747 674.905
-0.515356 674.682
-0.512964 674.46
-0.510573 674.239
-0.508181 674.02
-0.50579 673.801
-0.503398 673.584
-0.501007 673.369
-0.498615 673.154
-0.496224 672.941
-0.493833 672.728
-0.491441 672.518
-0.48905 672.308
-0.486658 672.099
-0.484267 671.892
-0.481875 671.686
-0.479484 671.481
-0.477093 671.278
-0.474701 671.075
-0.47231 670.874
-0.469918 670.674
-0.467527 670.475
-0.465135 670.278
-0.462744 670.081
-0.460352 669.886
-0.457961 669.692
-0.45557 669.499
-0.453178 669.307
-0.450787 669.116
-0.448395 668.927
-0.446004 668.739
-0.443612 668.552
-0.441221 668.366
-0.438829 668.181
-0.436438 667.998
-0.434047 667.815
-0.431655 667.634
-0.429264 667.454
-0.426872 667.275
-0.424481 667.097
-0.422089 666.92
-0.419698 666.745
-0.417306 666.57
-0.414915 666.397
-0.412524 666.225
-0.410132 666.054
-0.407741 665.884
-0.405349 665.715
-0.402958 665.547
-0.400566 665.381
-0.398175 665.215
-0.395784 665.051
-0.393392 664.888
-0.391001 664.725
-0.388609 664.564
-0.386218 664.405
-0.383826 664.246
-0.381435 664.088
-0.379043 663.931
-0.376652 663.776
-0.374261 663.621
-0.371869 663.468
-0.369478 663.316
-0.367086 663.165
-0.364695 663.015
-0.362303 662.866
-0.359912 662.718
-0.35752 662.571
-0.355129 662.425
-0.352738 662.28
-0.350346 662.137
-0.347955 661.994
-0.345563 661.853
-0.343172 661.712
-0.34078 661.573
-0.338389 661.435
-0.335997 661.298
-0.333606 661.161
-0.331215 661.026
-0.328823 660.892
-0.326432 660.759
-0.32404 660.627
-0.321649 660.496
-0.319257 660.366
-0.316866 660.238
-0.314475 660.11
-0.312083 659.983
-0.309692 659.857
-0.3073 659.733
-0.304909 659.609
-0.302517 659.487
-0.300126 659.365
-0.297734 659.244
-0.295343 659.125
-0.292952 659.007
-0.29056 658.889
-0.288169 658.773
-0.285777 658.657
-0.283386 658.543
-0.280994 658.43
-0.278603 658.317
-0.276211 658.206
-0.27382 658.096
-0.271429 657.986
-0.269037 657.878
-0.266646 657.771
-0.264254 657.665
-0.261863 657.559
-0.259471 657.455
-0.25708 657.352
-0.254688 657.25
-0.252297 657.148
-0.249906 657.048
-0.247514 656.949
-0.245123 656.851
-0.242731 656.753
-0.24034 656.657
-0.237948 656.562
-0.235557 656.468
-0.233166 656.374
-0.230774 656.282
-0.228383 656.191
-0.225991 656.101
-0.2236 656.011
-0.221208 655.923
-0.218817 655.836
-0.216425 655.749
-0.214034 655.664
-0.211643 655.58
-0.209251 655.496
-0.20686 655.414
-0.204468 655.332
-0.202077 655.252
-0.199685 655.172
-0.197294 655.094
-0.194902 655.016
-0.192511 654.94
-0.19012 654.864
-0.187728 654.79
-0.185337 654.716
-0.182945 654.643
-0.180554 654.571
-0.178162 654.501
-0.175771 654.431
-0.173379 654.362
-0.170988 654.294
-0.168597 654.227
-0.166205 654.161
-0.163814 654.096
-0.161422 654.032
-0.159031 653.969
-0.156639 653.907
-0.154248 653.846
-0.151857 653.786
-0.149465 653.727
-0.147074 653.668
-0.144682 653.611
-0.142291 653.555
-0.139899 653.499
-0.137508 653.445
-0.135116 653.391
-0.132725 653.339
-0.130334 653.287
-0.127942 653.237
-0.125551 653.187
-0.123159 653.138
-0.120768 653.09
-0.118376 653.044
-0.115985 652.998
-0.113593 652.953
-0.111202 652.909
-0.108811 652.866
-0.106419 652.823
-0.104028 652.782
-0.101636 652.742
-0.0992448 652.703
-0.0968534 652.664
-0.0944619 652.627
-0.0920705 652.591
-0.089679 652.555
-0.0872876 652.52
-0.0848962 652.487
-0.0825047 652.454
-0.0801133 652.422
-0.0777218 652.391
-0.0753304 652.362
-0.072939 652.333
-0.0705475 652.305
-0.0681561 652.278
-0.0657646 652.251
-0.0633732 652.226
-0.0609817 652.202
-0.0585903 652.179
-0.0561989 652.156
-0.0538074 652.135
-0.051416 652.114
-0.0490245 652.095
-0.0466331 652.076
-0.0442417 652.058
-0.0418502 652.041
-0.0394588 652.026
-0.0370673 652.011
-0.0346759 651.997
-0.0322845 651.984
-0.029893 651.971
-0.0275016 651.96
-0.0251101 651.95
-0.0227187 651.941
-0.0203272 651.932
-0.0179358 651.925
-0.0155444 651.918
-0.0131529 651.913
-0.0107615 651.908
-0.00837004 651.904
-0.0059786 651.902
-0.00358716 651.9
-0.00119572 651.899
0.00119572 651.899
0.00358716 651.9
0.0059786 651.902
0.00837004 651.904
0.0107615 651.908
0.0131529 651.913
0.0155444 651.918
0.0179358 651.925
0.0203272 651.932
0.0227187 651.941
0.0251101 651.95
0.0275016 651.96
0.029893 651.971
0.0322845 651.984
0.0346759 651.997
0.0370673 652.011
0.0394588 652.026
0.0418502 652.041
0.0442417 652.058
0.0466331 652.076
0.0490245 652.095
0.051416 652.114
0.0538074 652.135
0.0561989 652.156
0.0585903 652.179
0.0609817 652.202
0.0633732 652.226
0.0657646 652.251
0.0681561 652.278
0.0705475 652.305
0.072939 652.333
0.0753304 652.362
0.0777218 652.391
0.0801133 652.422
0.0825047 652.454
0.0848962 652.487
0.0872876 652.52
0.089679 652.555
0.0920705 652.591
0.0944619 652.627
0.0968534 652.664
0.0992448 652.703
0.101636 652.742
0.104028 652.782
0.106419 652.823
0.108811 652.866
0.111202 652.909
0.113593 652.953
0.115985 652.998
0.118376 653.044
0.120768 653.09
0.123159 653.138
0.125551 653.187
0.127942 653.237
0.130334 653.287
0.132725 653.339
0.135116 653.391
0.137508 653.445
0.139899 653.499
0.142291 653.555
0.144682 653.611
0.147074 653.668
0.149465 653.727
0.151857 653.786
0.154248 653.846
0.156639 653.907
0.159031 653.969
0.161422 654.032
0.163814 654.096
0.166205 654.161
0.168597 654.227
0.170988 654.294
0.173379 654.362
0.175771 654.431
0.178162 654.501
0.180554 654.571
0.182945 654.643
0.185337 654.716
0.187728 654.79
0.19012 654.864
0.192511 654.94
0.194902 655.016
0.197294 655.094
0.199685 655.172
0.202077 655.252
0.204468 655.332
0.20686 655.414
0.209251 655.496
0.211643 655.58
0.214034 655.664
0.216425 655.749
0.218817 655.836
0.221208 655.923
0.2236 656.011
0.225991 656.101
0.228383 656.191
0.230774 656.282
0.233166 656.374
0.235557 656.468
0.237948 656.562
0.24034 656.657
0.242731 656.753
0.245123 656.851
0.247514 656.949
0.249906 657.048
0.252297 657.148
0.254688 657.25
0.25708 657.352
0.259471 657.455
0.261863 657.559
0.264254 657.665
0.266646 657.771
0.269037 657.878
0.271429 657.986
0.27382 658.096
0.276211 658.206
0.278603 658.317
0.280994 658.43
0.283386 658.543
0.285777 658.657
0.288169 658.773
0.29056 658.889
0.292952 659.007
0.295343 659.125
0.297734 659.244
0.300126 659.365
0.302517 659.487
0.304909 659.609
0.3073 659.733
0.309692 659.857
0.312083 659.983
0.314475 660.11
0.316866 660.238
0.319257 660.366
0.321649 660.496
0.32404 660.627
0.326432 660.759
0.328823 660.892
0.331215 661.026
0.333606 661.161
0.335997 661.298
0.338389 661.435
0.34078 661.573
0.343172 661.712
0.345563 661.853
0.347955 661.994
0.350346 662.137
0.352738 662.28
0.355129 662.425
0.35752 662.571
0.359912 662.718
0.362303 662.866
0.364695 663.015
0.367086 663.165
0.369478 663.316
0.371869 663.468
0.374261 663.621
0.376652 663.776
0.379043 663.931
0.381435 664.088
0.383826 664.246
0.386218 664.405
0.388609 664.564
0.391001 664.725
0.393392 664.888
0.395784 665.051
0.398175 665.215
0.400566 665.381
0.402958 665.547
0.405349 665.715
0.407741 665.884
0.410132 666.054
0.412524 666.225
0.414915 666.397
0.417306 666.57
0.419698 666.745
0.422089 666.92
0.424481 667.097
0.426872 667.275
0.429264 667.454
0.431655 667.634
0.434047 667.815
0.436438 667.998
0.438829 668.181
0.441221 668.366
0.443612 668.552
0.446004 668.739
0.448395 668.927
0.450787 669.116
0.453178 669.307
0.45557 669.499
0.457961 669.692
0.460352 669.886
0.462744 670.081
0.465135 670.278
0.467527 670.475
0.469918 670.674
0.47231 670.874
0.474701 671.075
0.477093 671.278
0.479484 671.481
0.481875 671.686
0.484267 671.892
0.486658 672.099
0.48905 672.308
0.491441 672.518
0.493833 672.728
0.496224 672.941
0.498615 673.154
0.501007 673.369
0.503398 673.584
0.50579 673.801
0.508181 674.02
0.510573 674.239
0.512964 674.46
0.515356 674.682
0.517747 674.905
0.520138 675.13
0.52253 675.356
0.524921 675.583
0.527313 675.811
0.529704 676.041
0.532096 676.272
0.534487 676.504
0.536879 676.737
0.53927 676.972
0.541661 677.208
0.544053 677.445
0.546444 677.684
0.548836 677.924
0.551227 678.165
0.553619 678.408
0.55601 678.651
0.558402 678.896
0.560793 679.143
0.563184 679.391
0.565576 679.64
0.567967 679.89
0.570359 680.142
0.57275 680.395
0.575142 680.65
0.577533 680.906
0.579924 681.163
0.582316 681.421
0.584707 681.681
0.587099 681.942
0.58949 682.205
0.591882 682.469
0.594273 682.734
0.596665 683.001
0.599056 683.269
0.601447 683.539
0.603839 683.81
0.60623 684.082
0.608622 684.356
0.611013 684.631
0.613405 684.907
0.615796 685.185
0.618188 685.465
0.620579 685.746
0.62297 686.028
0.625362 686.312
0.627753 686.597
0.630145 686.883
0.632536 687.171
0.634928 687.461
0.637319 687.752
0.639711 688.044
0.642102 688.338
0.644493 688.633
0.646885 688.93
0.649276 689.228
0.651668 689.528
0.654059 689.83
0.656451 690.132
0.658842 690.437
0.661233 690.742
0.663625 691.05
0.666016 691.359
0.668408 691.669
0.670799 691.981
0.673191 692.294
0.675582 692.609
0.677974 692.926
0.680365 693.244
0.682756 693.564
0.685148 693.885
0.687539 694.208
0.689931 694.532
0.692322 694.858
0.694714 695.186
0.697105 695.515
0.699497 695.846
0.701888 696.178
0.704279 696.512
0.706671 696.848
0.709062 697.185
0.711454 697.524
0.713845 697.864
0.716237 698.206
0.718628 698.55
0.72102 698.896
0.723411 699.243
0.725802 699.591
0.728194 699.942
0.730585 700.294
0.732977 700.648
0.735368 701.003
0.73776 701.361
0.740151 701.72
0.742542 702.08
0.744934 702.443
0.747325 702.807
0.749717 703.173
0.752108 703.54
0.7545 703.909
0.756891 704.281
0.759283 704.653
0.761674 705.028
0.764065 705.404
0.766457 705.783
0.768848 706.163
0.77124 706.544
0.773631 706.928
0.776023 707.313
0.778414 707.701
0.780806 708.09
0.783197 708.481
0.785588 708.873
0.78798 709.268
0.790371 709.664
0.792763 710.063
0.795154 710.463
0.797546 710.865
0.799937 711.269
0.802329 711.675
0.80472 712.083
0.807111 712.493
0.809503 712.904
0.811894 713.318
0.814286 713.733
0.816677 714.151
0.819069 714.57
0.82146 714.992
0.823851 715.415
0.826243 715.84
0.828634 716.268
0.831026 716.697
0.833417 717.129
0.835809 717.562
0.8382 717.997
0.840592 718.435
0.842983 718.874
0.845374 719.316
0.847766 719.76
0.850157 720.206
0.852549 720.653
0.85494 721.103
0.857332 721.555
0.859723 722.01
0.862115 722.466
0.864506 722.924
0.866897 723.385
0.869289 723.848
0.87168 724.312
0.874072 724.78
0.876463 725.249
0.878855 725.72
0.881246 726.194
0.883638 726.67
0.886029 727.148
0.88842 727.628
0.890812 728.111
0.893203 728.596
0.895595 729.083
0.897986 729.572
0.900378 730.064
0.902769 730.558
0.90516 731.055
0.907552 731.553
0.909943 732.054
0.912335 732.558
0.914726 733.063
0.917118 733.572
0.919509 734.082
0.921901 734.595
0.924292 735.11
0.926683 735.628
0.929075 736.148
0.931466 736.671
0.933858 737.196
0.936249 737.724
0.938641 738.254
0.941032 738.786
0.943424 739.321
0.945815 739.859
0.948206 740.399
0.950598 740.942
0.952989 741.487
0.955381 742.035
0.957772 742.585
0.960164 743.138
0.962555 743.694
0.964947 744.252
0.967338 744.813
0.969729 745.377
0.972121 745.943
0.974512 746.512
0.976904 747.084
0.979295 747.658
0.981687 748.236
0.984078 748.815
0.986469 749.398
0.988861 749.984
0.991252 750.572
0.993644 751.163
0.996035 751.757
0.998427 752.354
1.00082 752.953
1.00321 753.556
1.0056 754.161
1.00799 754.769
1.01038 755.38
1.01278 755.995
1.01517 756.612
1.01756 757.232
1.01995 757.855
1.02234 758.481
1.02473 759.11
1.02712 759.742
1.02952 760.377
1.03191 761.016
1.0343 761.657
1.03669 762.301
1.03908 762.949
1.04147 763.6
1.04386 764.254
1.04626 764.911
1.04865 765.571
1.05104 766.235
1.05343 766.902
1.05582 767.572
1.05821 768.245
1.0606 768.922
1.063 769.602
1.06539 770.285
1.06778 770.972
1.07017 771.662
1.07256 772.355
1.07495 773.052
1.07734 773.753
1.07974 774.457
1.08213 775.164
1.08452 775.875
1.08691 776.589
1.0893 777.307
1.09169 778.029
1.09408 778.754
1.09648 779.482
1.09887 780.215
1.10126 780.951
1.10365 781.691
1.10604 782.434
1.10843 783.181
1.11082 783.932
1.11322 784.687
1.11561 785.446
1.118 786.208
1.12039 786.974
1.12278 787.745
1.12517 788.519
1.12756 789.297
1.12996 790.079
1.13235 790.865
1.13474 791.655
1.13713 792.449
1.13952 793.247
1.14191 794.049
1.1443 794.855
1.1467 795.666
1.14909 796.481
1.15148 797.3
1.15387 798.123
1.15626 798.95
1.15865 799.782
1.16104 800.618
1.16344 801.458
1.16583 802.303
1.16822 803.152
1.17061 804.006
1.173 804.864
1.17539 805.727
1.17778 806.594
1.18018 807.466
1.18257 808.342
1.18496 809.223
1.18735 810.109
1.18974 811
1.19213 811.895
1.19452 812.795
1.19692 813.699
1.19931 814.609
1.2017 815.524
1.20409 816.443
1.20648 817.367
1.20887 818.297
1.21126 819.231
1.21366 820.171
1.21605 821.115
1.21844 822.065
1.22083 823.02
1.22322 823.98
1.22561 824.945
1.22801 825.916
1.2304 826.892
1.23279 827.873
1.23518 828.86
1.23757 829.852
1.23996 830.85
1.24235 831.853
1.24475 832.862
1.24714 833.876
1.24953 834.897
1.25192 835.922
1.25431 836.954
1.2567 837.992
1.25909 839.035
1.26149 840.084
1.26388 841.139
1.26627 842.2
1.26866 843.268
1.27105 844.341
1.27344 845.42
1.27583 846.506
1.27823 847.598
1.28062 848.696
1.28301 849.801
1.2854 850.911
1.28779 852.029
1.29018 853.153
1.29257 854.283
1.29497 855.42
1.29736 856.564
1.29975 857.714
1.30214 858.871
1.30453 860.035
1.30692 861.206
1.30931 862.384
1.31171 863.569
1.3141 864.761
1.31649 865.96
1.31888 867.166
1.32127 868.38
1.32366 869.601
1.32605 870.829
1.32845 872.065
1.33084 873.308
1.33323 874.559
1.33562 875.817
1.33801 877.083
1.3404 878.357
1.34279 879.639
1.34519 880.929
1.34758 882.227
1.34997 883.532
1.35236 884.846
1.35475 886.169
1.35714 887.499
1.35953 888.838
1.36193 890.185
1.36432 891.541
1.36671 892.906
1.3691 894.279
1.37149 895.661
1.37388 897.051
1.37627 898.451
1.37867 899.86
1.38106 901.278
1.38345 902.705
1.38584 904.141
1.38823 905.587
1.39062 907.042
1.39301 908.507
1.39541 909.981
1.3978 911.465
1.40019 912.959
1.40258 914.463
1.40497 915.977
1.40736 917.501
1.40975 919.035
1.41215 920.58
1.41454 922.135
1.41693 923.701
1.41932 925.277
1.42171 926.864
1.4241 928.462
1.42649 930.071
1.42889 931.692
1.43128 933.323
1.43367 934.966
1.43606 936.62
1.43845 938.286
1.44084 939.963
1.44323 941.653
1.44563 943.354
1.44802 945.067
1.45041 946.793
1.4528 948.531
1.45519 950.281
1.45758 952.045
1.45997 953.82
1.46237 955.609
1.46476 957.411
1.46715 959.226
1.46954 961.054
1.47193 962.896
1.47432 964.752
1.47671 966.621
1.47911 968.505
1.4815 970.402
1.48389 972.314
1.48628 974.24
1.48867 976.181
1.49106 978.136
1.49346 980.107
1.49585 982.093
1.49824 984.094
1.50063 986.11
1.50302 988.143
1.50541 990.191
1.5078 992.255
1.5102 994.335
1.51259 996.432
1.51498 998.546
1.51737 1000.68
1.51976 1002.82
1.52215 1004.99
1.52454 1007.17
1.52694 1009.37
1.52933 1011.59
1.53172 1013.83
1.53411 1016.08
1.5365 1018.35
1.53889 1020.65
1.54128 1022.96
1.54368 1025.29
1.54607 1027.64
1.54846 1030.01
1.55085 1032.4
1.55324 1034.81
1.55563 1037.24
1.55802 1039.7
1.56042 1042.17
1.56281 1044.67
1.5652 1047.18
1.56759 1049.72
1.56998 1052.28
1.57237 1054.87
1.57476 1057.48
1.57716 1060.11
1.57955 1062.77
1.58194 1065.44
1.58433 1068.15
1.58672 1070.88
1.58911 1073.63
1.5915 1076.41
1.5939 1079.22
1.59629 1082.05
1.59868 1084.91
1.60107 1087.79
1.60346 1090.71
1.60585 1093.65
1.60824 1096.62
1.61064 1099.61
1.61303 1102.64
1.61542 1105.7
1.61781 1108.79
1.6202 1111.9
1.62259 1115.05
1.62498 1118.23
1.62738 1121.45
1.62977 1124.69
1.63216 1127.97
1.63455 1131.28
1.63694 1134.63
1.63933 1138.01
1.64172 1141.43
1.64412 1144.88
1.64651 1148.37
1.6489 1151.9
1.65129 1155.46
1.65368 1159.06
1.65607 1162.7
1.65846 1166.39
1.66086 1170.11
1.66325 1173.87
1.66564 1177.68
1.66803 1181.53
1.67042 1185.42
1.67281 1189.36
1.6752 1193.34
1.6776 1197.37
1.67999 1201.44
1.68238 1205.57
1.68477 1209.74
1.68716 1213.96
1.68955 1218.23
1.69194 1222.55
1.69434 1226.93
1.69673 1231.36
1.69912 1235.84
1.70151 1240.38
1.7039 1244.98
1.70629 1249.64
1.70868 1254.35
1.71108 1259.12
1.71347 1263.96
1.71586 1268.86
1.71825 1273.82
1.72064 1278.85
1.72303 1283.95
1.72542 1289.11
1.72782 1294.35
1.73021 1299.66
1.7326 1305.04
1.73499 1310.49
1.73738 1316.02
1.73977 1321.64
1.74216 1327.33
1.74456 1333.1
1.74695 1338.96
1.74934 1344.9
1.75173 1350.93
1.75412 1357.05
1.75651 1363.26
1.7589 1369.57
1.7613 1375.98
1.76369 1382.48
1.76608 1389.09
1.76847 1395.8
1.77086 1402.62
1.77325 1409.55
1.77565 1416.6
1.77804 1423.76
1.78043 1431.04
1.78282 1438.44
1.78521 1445.97
1.7876 1453.63
1.78999 1461.42
1.79239 1469.35
1.79478 1477.42
1.79717 1485.63
1.79956 1494
1.80195 1502.52
1.80434 1511.2
1.80673 1520.04
1.80913 1529.06
1.81152 1538.24
1.81391 1547.61
1.8163 1557.16
1.81869 1566.91
1.82108 1576.85
1.82347 1587
1.82587 1597.36
1.82826 1607.94
1.83065 1618.75
1.83304 1629.79
1.83543 1641.08
1.83782 1652.62
1.84021 1664.42
1.84261 1676.5
1.845 1688.85
1.84739 1701.5
1.84978 1714.46
1.85217 1727.74
1.85456 1741.34
1.85695 1755.29
1.85935 1769.61
1.86174 1784.29
1.86413 1799.37
1.86652 1814.85
1.86891 1830.77
1.8713 1847.13
1.87369 1863.96
1.87609 1881.28
1.87848 1899.11
1.88087 1917.49
1.88326 1936.43
1.88565 1955.97
1.88804 1976.14
1.89043 1996.98
1.89283 2018.52
1.89522 2040.79
1.89761 2063.85
1.9 2087.75
